Password=sha256_senha123_rjrp_salt
Level=1
Money=5000
BankMoney=0
Hunger=100
Thirst=100
Energy=100
PosX=1642.090088
PosY=-2335.265380
PosZ=13.546875
PosA=270.000000
Admin=0